Parameters used:
  # items to hash: 439
  random # seed: 323232
  max load factor: 10.0
  initial size of hash table: 60
  max chain length: none
  output file name: sampleOutput.txt
HashTable Statistics: 
Current table size: 60
# items in table: 439
Current load factor: 7.316666666666666
Longest chain length: 14
# 0-length chains: 0
Avg (non-0) chain length: 7.316666666666666

Hashtable Contents:
0: [-33899460, -2041837620, -435080220, -356328420, 1042857780, -21556080, -196135620, 1438554120]
1: [2120981461, 1426541941, 1247636401, 1969441921]
2: [-960320702, 1258962542, 839939642, 1104446402, -2009224682, 564624362, -162813602, -1805648522]
3: [709837743, 2081138703, -727377963, 1516411503, 1923383583, -860179503, -1894047843, 1774138023, 1648998183]
4: [-691237204, 1996961524, -805325884, -623469964]
5: [-1900001765, 209848745, 1970484545, 248273945]
6: [-1161118926, 563340786, 1664963106, 63062046, -565286886, -565024686, 328431126, 1712958426, 328068126, -932475066, -2063201766]
7: [-1518589267, -1237038967, -194103487, 1537322827, 1510244227, -1567079227, 918423787, 1615352587, 1830238147, -1863959167]
8: [-2112598628, -1943118008, -699034208, -1887551048, 1051841048, -2067209168]
9: [230962509, 1812950649, -514033749, 1741478769, 1929461109, 180206469, -221977989, 452604969, -761647869]
10: [1852495990, -836582830, -126807190, 727898410, -1723705090, 526353190, 1071804250, -1258961230, -1131957850]
11: [-1033987811, -605543951, -2144137931, -567393911, -1930542611]
12: [1948014192, 514670892, -78649692, -1918892592, 506278632, 2033067252, 859005672, 1976248992]
13: [-2119794613, 1894391233, 1781581873, 711011053, -1982135533, 218154013, -590431153, 1551288973, -1222516333, -2045892373, -1564877233, 1573974973]
14: [-1889952734, -1342582634, 999963914, 1652421314, 978480974, 1342459514]
15: [-2048357715, -741090735, -1280834655, 1333067895]
16: [1386090256, -637522636, 704439376, 1475442076, -1898137096, -279773596, 1534089616, -2122724656]
17: [1704545057, 465496697, 988256117, -325692317]
18: [-887076138, -877525698, -544002798, 1178174358, -2042022198, -808082178, -425987478, 976096578, -2107895658, -1401220818, 1596615738]
19: [-1825150519, 490610179, -518836639, 1527549499, 297340579, 1785204199, 922702699, -1771146439, -699580099]
20: [586426100, 1843747820, -802914020, 803161820, -1054332920]
21: [340070901, -1955233581, 548736081, 327115281, 647830041, -1669296261]
22: [1486448662, -493491562, 895030102, -362549722, -1211494222, -2037757522, -1499026942, -1477916302, -1885208542, 135554722, 337590922]
23: [1922087363, -1353809603, -844386623, -438338303, 488746223, -1628938043]
24: [-99631224, -1906347684, 1120015704, -2075642304, -33718824, -716724624, 2115547944, 402805824, -1769905344, -2075928744, 1492993164, -57891144, -1647832584, 347724084]
25: [-838711225, 1734063385, 1482904045, -392843665, -1832918365, -1855474645, 1325288245]
26: [671572706, -1271862986, 595565846, -1954076606, 393768806, 1482771446]
27: [496447467, -1688118567, 1275033147, 1352267067, 615345507, -1991500407, 696990147, -1363662447]
28: [-2061608248, 615044548, 1484081368, -1199698648, 699985108, -2128675588, 1337957188, 1797969928, 2084924428, 905604208, 1935954328]
29: [319395809, -92106929, -1985738189, 888864809, 1080631709, 916415729]
30: [-1281742650, -580129170, -1501096470]
31: [1951842871, -1851472711, 204624391, -574400011, -44075431]
32: [-981537692, -1216313132, -1048962872, 1799142332, -559130132, 875939732, 1556418512, 368636192]
33: [1073748453, 960425193, 61984833, -1682994093, 1715038173]
34: [470647714, -1552047334, 1606133974, 1211611354, -907960714]
35: [12201035, -1082097875, -2028037595, -793927595, 1437525815, 21748715, -981772055, -1312597295, -195223235]
36: [1921460496, 2073053436, -14529096, 982822056, -946124856, 1735100136, -983363856]
37: [-521652997, -1193142577, -148918297, -1319605297, -708528037, -2093807197, -2129301037, -1022898517]
38: [184264598, -184126298, 1573041638, 1031721038, -97859378, -1348414598, 2121334838, 1369422098]
39: [1873088319, -1062413619, -872576139, 982616199, -1113997479]
40: [-1353114760, -676354000, 575975500, 1876240480, 1657122220]
41: [-303522221, -196947041, 1617309221, 696308741, 998595101, -1910313101, -1817257901]
42: [595061442, -1855058202, 651502122]
43: [39175243, 1280269603, -1412599123, -2012127463, -673444603, 1559081563, -634719523]
44: [-89936324, -361426844, 1496354084, 417742364, 1491950204, 1435712744, 2140018964, 694562024, 1793849984]
45: [-179033865, -1716000585, -593480985, -1245210225, -1722467565, 211121385, 217064025, -1732913805, 1721670165, 1121037225, -1302950625]
46: [-241286986, -450594346, -793235146, -1523375686, 1917119626, -107812186, 1636596946, -1213212586, 1969115026, -961720246]
47: [1550891987, -544680827, -1795865147, 1279685207, -1279073807, -404142287]
48: [662854428, 795171588, -881862528, -1154048628, -1019784648, -1111887408, -341086368, 1288378548, -153402888]
49: [-1408636009, -1207550269, -1415134369, -987145309, -705822709, 454327429, -1070361649, -905014849]
50: [-1281219290, -1436591210, -1394103410, 831626270]
51: [-751730031, -135310851, -1966268391, 296551011, 829891431, -1630874811, -367852791, -759048651, 285041511, -1027496271, -840769131]
52: [-1410253372, -929683612, -1235072752, 656894992, -233993092, -131428972, -210614152, 1066530772, -337327492, -123805372]
53: [90577133, 1518993773, -713303153, 1473540533, 521957453, 106664273]
54: [-1085467734, 1144995354, -1875981714, 765170634, 1453142154, 1046830194, -290851074, 862807614, -1965228414]
55: [-409809475, 1762764415, 1297761115, 347856235, 548463895, -1890050035, -1979106955, 60733975, -284076355, 1731104995]
56: [-1567181156, -1759536356, 530865056, -1747550936, -1610317916, 1932813716, 768866276]
57: [-1722314217, -1423802877]
58: [406654018, 2006348398, -34202338, -469970158, 875626558, -69232198, 1883990038, -1171395958, -1041308938]
59: [720655919, -842035499, 173417099, -1329575039]
